[[3.18616546e-01 8.17712687e-01 2.44951528e+00]
 [1.07813972e+00 2.33493003e+00 6.36410701e+00]
 [2.79780318e+00 6.03569403e+00 1.27065993e+01]
 [6.87665132e+00 1.30154295e+01 2.25844587e+01]
 [1.54431165e+01 2.33943915e+01 3.31915752e+01]
 [2.53817083e+01 3.22407485e+01 4.01502831e+01]
 [3.47377794e+01 3.96144012e+01 4.53734347e+01]
 [4.09050941e+01 4.66881619e+01 5.07386219e+01]
 [4.46766199e+01 5.80052655e+01 4.47162443e+01]
 [5.03698190e+01 4.50443991e+01 4.03293532e+01]
 [4.55094267e+01 4.05099368e+01 3.65154152e+01]
 [4.11527428e+01 3.63850636e+01 3.29396732e+01]
 [3.73862239e+01 3.29343729e+01 2.95417495e+01]
 [3.35784172e+01 2.97112331e+01 2.68250710e+01]
 [3.03810044e+01 2.66717275e+01 2.40444894e+01]
 [2.74826821e+01 2.39654658e+01 2.18317463e+01]
 [2.47153427e+01 2.15343905e+01 1.96906821e+01]
 [2.20854451e+01 1.96288298e+01 1.76213703e+01]
 [1.97667588e+01 1.76689454e+01 1.59671245e+01]
 [1.78750240e+01 1.60056887e+01 1.43792125e+01]
 [1.59945386e+01 1.44303485e+01 1.29875545e+01]
 [1.43747570e+01 1.29799703e+01 1.17400312e+01]
 [1.29804410e+01 1.18010167e+01 1.06496757e+01]
 [1.16298172e+01 1.06409123e+01 9.53508822e+00]
 [1.05140710e+01 9.60714340e+00 8.71517104e+00]
 [9.41977982e+00 8.64612478e+00 7.82541143e+00]
 [8.57077072e+00 7.80403758e+00 7.04374568e+00]
 [7.70180971e+00 7.10443494e+00 6.38275965e+00]
 [6.82921305e+00 6.35195136e+00 5.73294043e+00]
 [6.10136982e+00 5.72947593e+00 5.16499012e+00]
 [5.49823541e+00 5.15110968e+00 4.64388945e+00]
 [5.17049809e+00 4.39646132e+00 3.86089714e+00]
 [4.52406269e+00 3.62893739e+00 3.01344732e+00]
 [3.68692585e+00 2.77759733e+00 2.15649092e+00]
 [2.79604645e+00 1.87567384e+00 1.48400501e+00]
 [1.98335017e+00 1.26540935e+00 8.97291158e-01]
 [1.30848025e+00 8.17872542e-01 5.33280729e-01]
 [8.17350626e-01 4.96912693e-01 3.29981635e-01]
 [4.95328609e-01 2.98292369e-01 2.00688291e-01]
 [3.06347405e-01 1.81311873e-01 1.21061730e-01]
 [1.92864423e-01 1.14091605e-01 6.35175176e-02]
 [1.08949861e-01 5.71693872e-02 3.03051321e-02]
 [5.64078826e-02 2.85977140e-02 1.48770783e-02]
 [2.57170625e-02 1.09225363e-02 5.87217107e-03]
 [1.30435473e-02 5.66363619e-03 2.32101454e-03]
 [5.29355908e-03 2.11544400e-03 9.22654820e-04]
 [2.36036317e-03 8.37096166e-04 3.05406547e-04]
 [9.72977993e-04 2.65522279e-04 1.18969064e-04]
 [3.52808968e-04 9.03916888e-05 3.37448085e-05]
 [9.74508981e-05 2.54364482e-05 8.83714569e-06]
 [2.74797768e-05 5.23324000e-06 2.09257312e-06]
 [7.98006571e-06 1.90667868e-06 4.80880111e-07]
 [1.90517852e-06 4.09873009e-07 1.56911104e-07]
 [5.12740732e-07 1.36292765e-07 3.26424808e-08]
 [1.19945132e-07 3.45952260e-08 9.42119373e-09]
 [2.66237381e-08 6.57723352e-09 2.06444584e-09]
 [8.87619783e-09 2.00528316e-09 6.67571085e-10]
 [2.30999914e-09 5.62172361e-10 1.48068308e-10]
 [6.17555176e-10 1.79084210e-10 3.00118260e-11]
 [1.51843279e-10 2.01263985e-11 2.41009900e-12]
 [2.73052991e-11 2.62559031e-12 7.15862967e-13]
 [3.27699683e-12 4.74073841e-13 1.77674748e-13]
 [8.03006780e-13 1.08923428e-13 2.51369970e-14]
 [1.27822865e-13 3.48146736e-14 3.54732662e-15]
 [2.65037217e-14 3.31836269e-15 1.12546571e-15]
 [5.67214079e-15 1.35520196e-15 1.73219834e-16]
 [1.21910549e-15 1.12611175e-16 2.46028954e-17]
 [1.67756526e-16 2.15586378e-17 3.51276657e-18]
 [2.84930600e-17 5.10565784e-18 2.83981268e-19]
 [3.94179350e-18 8.42503431e-20 1.58974059e-20]
 [3.43871323e-19 2.93626264e-20 2.94511722e-20]
 [1.41427607e-20 2.35757373e-20 6.85588840e-20]
 [2.39592689e-20 5.58218136e-20 1.74988215e-19]
 [7.02716131e-20 1.60134423e-19 5.01743486e-19]
 [1.87044539e-19 5.07565055e-19 1.58740971e-18]
 [5.44017836e-19 1.45640760e-18 5.26532640e-18]
 [1.31761558e-18 6.28955342e-18 3.48997406e-17]
 [5.76609347e-18 3.03227995e-17 1.37582955e-16]
 [3.19402957e-17 9.96859974e-17 5.16583594e-16]
 [1.19067164e-16 3.70608459e-16 2.06156562e-15]
 [4.02491191e-16 1.79436661e-15 1.16441419e-14]
 [2.44161647e-15 1.13901539e-14 4.77632404e-14]
 [9.98250794e-15 6.87418675e-14 2.05221283e-13]
 [4.89855570e-14 2.15888872e-13 1.17893193e-12]
 [4.18010934e-13 2.07925246e-12 1.14640822e-11]
 [2.44276424e-12 9.04931401e-12 6.46620461e-11]
 [8.21228750e-12 5.69612868e-11 2.39725107e-10]
 [3.57861036e-11 3.94725250e-10 3.71091119e-09]
 [2.81780876e-10 1.27399117e-09 2.00226892e-08]
 [4.52080355e-09 2.04026779e-08 1.94591788e-07]
 [4.94160144e-08 2.11382994e-07 1.30533374e-06]
 [9.88722048e-08 1.24616666e-06 9.50659333e-06]
 [1.53282342e-06 9.89086873e-06 8.71857632e-05]
 [9.11791721e-06 6.70393928e-05 5.20609917e-04]
 [1.02347913e-04 3.83448030e-04 2.43302018e-03]
 [3.86566686e-04 2.51686094e-03 8.70943571e-03]
 [2.94157254e-03 8.84925304e-03 3.32420746e-02]
 [9.02512133e-03 2.08863679e-02 1.06371294e-01]
 [3.94750840e-02 8.56890205e-02 3.08355489e-01]
 [1.08766355e-01 2.63915043e-01 9.19495428e-01]]