[[19.9889265  22.16385126 24.7449344 ]
 [22.1841447  24.74322551 27.29092217]
 [24.67740044 27.42251152 30.34518488]
 [27.10872321 30.19908463 33.73208074]
 [30.39585705 33.74285013 37.22280305]
 [33.51964328 37.00991181 41.19801935]
 [37.01468766 41.25095821 45.6274925 ]
 [41.09869004 47.25925741 50.50647635]
 [45.63875399 57.52136224 45.74225587]
 [50.26997754 48.14728952 41.26731706]
 [45.73037575 41.08915305 36.91579908]
 [41.3933092  37.27172695 33.64035256]
 [37.48125621 33.69216451 30.07933702]
 [33.72177729 30.12775175 27.23235847]
 [30.74676755 27.20245847 24.58817646]
 [27.77922048 24.54042832 22.02441583]
 [25.12587466 21.93901482 19.90134244]
 [22.6148929  19.92803696 17.96301913]
 [20.338437   17.87843688 16.1867022 ]
 [18.29950086 16.21139146 14.69507685]
 [16.3917413  14.62837839 13.22916196]
 [14.74250728 13.12043865 11.91154167]
 [13.30554595 11.88577626 10.73364966]
 [11.87885714 10.60116655  9.68841974]
 [10.65556984  9.61478451  8.70092796]
 [ 9.62254793  8.69536736  7.85797178]
 [ 8.66436197  7.80761258  7.02208735]
 [ 7.78067397  7.07609264  6.37488787]
 [ 7.00879096  6.36662468  5.72361172]
 [ 6.33732897  5.74048086  5.18044929]
 [ 5.70135665  5.16131493  4.65310597]
 [ 5.19379049  4.67140694  4.18150092]
 [ 4.59861598  4.1973561   3.74232629]
 [ 4.1857686   3.79827271  3.39873336]
 [ 3.77906916  3.39515883  3.0747028 ]
 [ 3.43540679  3.08049542  2.76995781]
 [ 3.08395956  2.78316903  2.50941953]
 [ 2.76190257  2.52436903  2.24471856]
 [ 2.50999185  2.24828768  2.02061436]
 [ 2.24759151  2.02701239  1.83061113]
 [ 2.03018751  1.83278367  1.64800025]
 [ 1.82064618  1.65813005  1.47087078]
 [ 1.64950685  1.48072719  1.34033829]
 [ 1.47736724  1.34032786  1.21191747]
 [ 1.33676064  1.19805233  1.09452629]
 [ 1.20985931  1.08667751  0.98080775]
 [ 1.09244899  0.97463052  0.88423927]
 [ 0.98421866  0.8847499   0.79614425]
 [ 0.88307331  0.79547935  0.71379843]
 [ 0.79225047  0.71799052  0.6463508 ]
 [ 0.71923688  0.64703149  0.58273607]
 [ 0.64314212  0.58314213  0.52679025]
 [ 0.58125791  0.5247977   0.47057164]
 [ 0.52847414  0.46885146  0.42043829]
 [ 0.47004113  0.41858524  0.37903211]
 [ 0.42138366  0.38225133  0.34375443]
 [ 0.38082398  0.34420634  0.31157858]
 [ 0.3456318   0.311329    0.29342233]
 [ 0.31149083  0.29169449  0.31609506]
 [ 0.29411687  0.31633309  0.35006973]
 [ 0.31858368  0.35119281  0.38450651]
 [ 0.34711929  0.38711133  0.42580173]
 [ 0.38527682  0.42658405  0.47131005]
 [ 0.42476815  0.47435232  0.52683177]
 [ 0.4723155   0.52613836  0.58276074]
 [ 0.52728395  0.58525092  0.64901002]
 [ 0.58280638  0.64571425  0.71792333]
 [ 0.64969077  0.71661605  0.79345821]
 [ 0.71557957  0.79703013  0.88040112]
 [ 0.7969155   0.88111393  0.98526546]
 [ 0.88734638  0.98451203  1.10013001]
 [ 0.98952311  1.09487365  1.21679637]
 [ 1.09514423  1.22639028  1.35792191]
 [ 1.22128393  1.35614814  1.50118842]
 [ 1.36378806  1.49541642  1.66740536]
 [ 1.49836386  1.65619528  1.84014708]
 [ 1.66906212  1.83915396  2.03525587]
 [ 1.84484967  2.04008657  2.24035327]
 [ 2.03391795  2.26824109  2.49324846]
 [ 2.27669173  2.49671428  2.7379437 ]
 [ 2.47063309  2.76019207  3.07057443]
 [ 2.75606719  3.05550456  3.40742511]
 [ 3.06705882  3.38813744  3.78215334]
 [ 3.39040221  3.78009961  4.20381697]
 [ 3.77800451  4.20187699  4.65321896]
 [ 4.19614347  4.64574302  5.11008104]
 [ 4.64533157  5.13118254  5.69144173]
 [ 5.11599213  5.65380614  6.31719152]
 [ 5.68649204  6.22396578  7.06285846]
 [ 6.28129542  7.02583122  7.88689121]
 [ 7.02216031  7.83613783  8.73360347]
 [ 7.86354363  8.70468557  9.69774917]
 [ 8.71849552  9.65508372 10.76512173]
 [ 9.67552381 10.77185455 11.99514508]
 [10.77713511 11.90116102 13.29486339]
 [11.9585033  13.25511464 14.59970347]
 [13.21703757 14.52099503 16.10817534]
 [14.62236322 16.14901608 17.83970856]
 [16.11729784 17.82172514 19.73869428]
 [17.86888782 19.97026692 22.28501784]]